1291546
1292720
1292063
1292722
2131459
3793023
1292213
3319755
1300267
1299398
1291828
1294371
1293839
1294408
1485260
1292220
1293908
26799731
1292679
1302425
1292370
5989818
1292215
1418834
1292434
1291831
1291875
1297447
1297052
1291999
1306249
1296339
1303037
1293460
1291990
1305164
26683290
1292274
5908478
10577869
1292328
10808442
1297880
1418200
1293749
1293964
2209573
1291557
1292401
25938803
4739952
1295865
1309163
1292287
1937946
1305690
1298817
3726072
1303394
25934014
1828115
20326557
6874403
1769507
2213597
1293929
1296753
2043546
6860160
1307394
1292062
10484041
4920528
1300960
6722879
1291853
26935251
1297995
1304073
1292047
1293456
1303913
1306505
1299288
1301617
1299628
26654498
1300064
1301168
1300613
1291588
1950148
4719384
1294417
1292981
20470074
1292286
26773744
1292472
1308777
30331149
24815950
1482072
25928148
1308575
1293071
1297294
1302642
10535568
10757577
1291852
1294781
1295742
2053515
2365260
1293414
1296987
1292048
1291840
7059671
1293120
1304056
26972694
1293203
1295684
3117778
4798707
1292211
3071604
1299193
1307067
3821067
4319218
1292330
26366465
26946612
1394218
1323746
1297102
1297756
1308076
1301106
1291868
1301912
3824672
1292049
1308817
6791750
27018285
4305436
1296147
1920805
1421278
1422091
1292994
1295614
1296778
25796222
1298112
1294570
1441238
1325958
1299582
3364223
1294461
1304942
1293050
1303001
1301582
3072086
1433360
1308741
1295815
1898223
1295753
25827935
25964071
25855071
6874741
1844413
1292504
1298038
21352814
26781703
1293824
1300075
1361252
1298468
1291842
1303376
26951692
1389924
1308820
25929151
6844868
4191644
3036465
1307306
1872133
1302987
1299923
2124724
1291856
1293475
1298385
1353745
2076181
2037012
1308804
3169043
6097775
1388180
26616719
1295467
3586725
3230459
1299661
1297965
1292371
1297710
1292338
1299481
1296282
1340517
1307332
1302235
1293146
1296636
1309199
1433577
1309172
1773216
26891256
1291877
1295287
1296629
1298128
1297311
1302205
26972258
1297644
1294007
1303388
3397503
2161696
4847665
1293973
1297233
30225296
1297110
1300352
10733376
1294140
27594856
1303066
1418640
1293643
1292271
1389949
1294300
1308833
1292950
2132495
6311260
1293077
1292533
1301465
1292792
1304648
1298522
30329902
1292279
1293377
1298871
1293632
1304624
1307052
5968334
1300956
1292212
22733673
1296542
1306454
1302077
27052274
1299680
1302675
1301890
26106958
1304641
1293825
1293776
1920796
1295374
1307014
26289144
1293105
1291859
25835285
1292289
1299769
1294092
1296334
1293388
2268359
3443074
1292229
1293236
1299166
33456124
1427266
2361266
1302868
1291835
10741220
1464449
10574468
1291836
1858233
1418070
1981242
1395080
1293818
30257175
25823035
1308974
1298870
1296992
1305065
1293004
1293963
1432436
1292234
1291559
1885124
1304374
1297585
1304304
1291872
26726098
1294911
1291869
1300375
1400240
1915403
26837952
1292396
1293124
20441632
1308314
1294039
1291555
27101874
1416895
1300528
1299624
4873490
1306526
26611076
1293917
1299362
1296821
1296067
24735062
1300069
1300202
3808604
3094909
1310159
20426995
1291553
26894602
1293466
1297606
1296283
1306769
2976111
26647163
1309099
5153254
6386345
3158990
26979199
1303590
26752852
25900945
26438851
1499148
26965165
1293765
1498831
6024430
1297769
1293555
1966460
26809592
1293799
1309059
1291833
1416728
26235839
1301895
1293596
1308010
1306471
1304826
27017288
1309203
1945549
3732861
1307679
2974278
1308799
25717233
2212901
26279289
1421809
3805946
1474180
1946786
3036464
1301616
2338019
25870084
2082013
1940094
1295284
1422912
1305182
1301886
1978369
1422992
1304613
1308751
3792508
2361823
1296359
1299795
1829230
1298040
1300945
1308655
1304585
3313801
1296769
2070367
1292468
5360033
1401269
5919538
4925418
2251569
3155477
1300766
26707472
1303010
26806528
1309020
1295416
4058933
1293098
1301342
1440703
1293695
25837574
1297643
1300426
1293212
1300802
1428236
1465819
1299042
1297737
1308070
1302050
10545939
2147854
1292278
20389706
1293926
1308787
1303071
6829652
23712401
3321409
1303534
1296824
4838667
27133303
1394324
25839662
1299802
3144512
1293603
1309162
1297239
1394424
4843637
1299204
1308498
